1330100
1330101
1330102
1330104
1330105
1330106
1330107
1330108
1330109
1330110
1330111
1330112
1330113
1330114
1330115
1330116
1330117
1330118
1330119
1330120
1330121
1330122
1330123
1330124
1330125
1330126
1330127
1330128
1330129
1330130
1330131
1330132
1330133
1330134
1330135
1330136
1330137
1330138
1330139
1331100
1331101
1331102
1331103
1331104
1331105
1331106
1331107
1331109
1331110
1331111
1331112
1331113
1331114
1331115
1331116
1331117
1331118
1331119
1331120
1331121
1331122
1331123
1331124
1331125
1331126
1331127
1331128
1331129
1331130
1331131
1331132
1331133
1331134
1331135
1331136
1331137
1331138
1331139
1331142
1331145
1331146
1331149
1331150
1331151
1331152
1331153
1331154
1331155
1331156
1331157
1331158
1331159
1332110
1332111
1332112
1332113
1332115
1332116
1332117
1332118
1332119
1333100
1333101
1333102
1333103
1333104
1333105
1333106
1333107
1333108
1333109
1333110
1333111
1333112
1333113
1333115
1333116
1333118
1333119
1334100
1334101
1334103
1334104
1334105
1334108
1334110
1334111
1334113
1334114
1334115
1334116
1334118
1334119
1336600
1336601
1336602
1336603
1336604
1336605
1336606
1336607
1336608
1336609
1336610
1336611
1336612
1336613
1336614
1336615
1336616
1336617
1336618
1336620
1336622
1336623
1336624
1336625
1336626
1336627
1336628
1336629
1336630
1336631
1336632
1336634
1336635
1336637
1336638
1336639
1336640
1336641
1336643
1336644
1336645
1336646
1336647
1336648
1336651
1336652
1336655
1336656
1336657
1336658
1336659
1336660
1336661
1336663
1336665
1336666
1336667
1336668
1336669
1336670
1336671
1336673
1336675
1336676
1336677
1336678
1336679
1336680
1336681
1336682
1336683
1336685
1336686
1336687
1336688
1336690
1336691
1336692
1336693
1336695
1336697
1336698
1336699
1337010
1337011
1337012
1337013
1337014
1337015
1337016
1337017
1337018
1337160
1337161
1337163
1337164
1337166
1337168
1337169
1337170
1337175
1337176
1337177
1337178
1337179
1338100
1338101
1338102
1338103
1338105
1338106
1338107
1338108
1338109
1338110
1338111
1338112
1338113
1338115
1338116
1338117
1338118
1338119
1338120
1338121
1338122
1338123
1338125
1338126
1338127
1338128
1338130
1338132
1338133
1338135
1338136
1338137
1338138
1338139
1338140
1338142
1338143
1338144
1338145
1338146
1338149
1339150
1339151
1339152
1339153
1339154
1339155
1339158
1339159
1339160
1339161
1339162
1339163
1339165
1339167
1339168
1339169
1339170
1339171
1339172
1339173
1339175
1339176
1339178
1339179
1339180
1339181
1339182
1339183
1339184
1339185
1339186
1339187
1339188
1339189
1339191
1339193
1339195
1339196
1339197
1339198
1339199
1530001
1530003
1530005
1530006
1530007
1530008
1530009
1530013
1530014
1530015
1530017
1530018
1530020
1530023
1530024
1530026
1530028
1530030
1530032
1530034
1530035
1530036
1530038
1530101
1530102
1530103
1530105
1530106
1530107
1530108
1530109
1530111
1530112
1530114
1530116
1530117
1530118
1530130
1530131
1530132
1530133
1530134
1530135
1530136
1530138
1530139
1531100
1531106
1531109
1531111
1531112
1531116
1531117
1531118
1531119
1531121
1531124
1531126
1531130
1531131
1531133
1531135
1531137
1531138
1531139
1531141
1531142
1531143
1531144
1531145
1531146
1531147
1531148
1531149
1531150
1531151
1531152
1531154
1531155
1531156
1531157
1531158
1531159
1531160
1531162
1531163
1531165
1531167
1531168
1531170
1531174
1531175
1531179
1531180
1531181
1531182
1531183
1531185
1531186
1531187
1531188
1531189
1531191
1531192
1531193
1531195
1531196
1531197
1531199
1531300
1531302
1531303
1531304
1531305
1531306
1531308
1531309
1531311
1531312
1531313
1531314
1531315
1531316
1531317
1531318
1531319
1531321
1531322
1531323
1531324
1531325
1531327
1531328
1531329
1531331
1531332
1531333
1531334
1531335
1531337
1531338
1531344
1531345
1531350
1531351
1531352
1531353
1531356
1531357
1531359
1531361
1531362
1531363
1531364
1531365
1531366
1531367
1531370
1531372
1531375
1531378
1531380
1531383
1531386
1531390
1531391
1531392
1531393
1531395
1531398
1532100
1532101
1532102
1532103
1532104
1532105
1532108
1532109
1532111
1532112
1532113
1532115
1532116
1532117
1532118
1532119
1532120
1532122
1532124
1532127
1532128
1532129
1532131
1532132
1532133
1532136
1532137
1532139
1532140
1532142
1532150
1532152
1532153
1532155
1532156
1532158
1532159
1532160
1532163
1532166
1532167
1532168
1532172
1532173
1532175
1532176
1532178
1532179
1532180
1532182
1532183
1532185
1532187
1532188
1532189
1532195
1532197
1532199
1533000
1533002
1533003
1533004
1533005
1533006
1533008
1533009
1533021
1533022
1533023
1533025
1533026
1533027
1533028
1533029
1534001
1534004
1534007
1534012
1770011
1770102
1770103
1770104
1770105
1770108
1770109
1770112
1770113
1770114
1770115
1770120
1770121
1770122
1770124
1770125
1770126
1770127
1770128
1770129
1770130
1770131
1770132
1770133
1770134
1770135
1770136
1770137
1770138
1771002
1771003
1771004
1771005
1771006
1771009
1771011
1771012
1771013
1771015
1771016
1771017
1771018
1771019
1771020
1771021
1771022
1771023
1771024
1771025
1771026
1771027
1771028
1771029
1771030
1771032
1771033
1771034
1771035
1771036
1771037
1771038
1771039
1771040
1771041
1771042
1771043
1771044
1771045
1771046
1771047
1771048
1771049
1771050
1771051
1771053
1771054
1771055
1771056
1771057
1771058
1771059
1771060
1771061
1771062
1771063
1771064
1771065
1771067
1771068
1771069
1771070
1771071
1771073
1771074
1771075
1771076
1771078
1771079
1771080
1771082
1771083
1771084
1771088
1771089
1771090
1771091
1771092
1771093
1771094
1771830
1771831
1771832
1771834
1771836
1771837
1771838
1771839
1771842
1771843
1771847
1771851
1771853
1771857
1771859
1774440
1774441
1774442
1774443
1774445
1774446
1774447
1774448
1774449
1774451
1774452
1774453
1774454
1774455
1774456
1774457
1774458
1774459
1774650
1774651
1774652
1774654
1774655
1774656
1774659
1777780
1777781
1777783
1777785
1777787
1777803
1777804
1777805
1777806
1777807
1777808
1777810
1777812
1777813
1777814
1777815
1777816
1777818
1777819
1800102
1800103
1800105
1800106
1800109
1800110
1800112
1800113
1800114
1800115
1800116
1800117
1800118
1800119
1800120
1800122
1800124
1800125
1800126
1800127
1800128
1800129
1800130
1800131
1800132
1800133
1800134
1800135
1800136
1800137
1800138
1800139
1801000
1801001
1801002
1801003
1801004
1801005
1801006
1801007
1801008
1801009
1801010
1801011
1801012
1801013
1801014
1801015
1801016
1801017
1801018
1801019
1801021
1801022
1801023
1801027
1801028
1801037
1801038
1801040
1801041
1801042
1801043
1801046
1801047
1801048
1801049
1804650
1804651
1804652
1804654
1804655
1804656
1804658
1810102
1810103
1810105
1810106
1810107
1810108
1810109
1810111
1810113
1810115
1810116
1810117
1810119
1810120
1810121
1810122
1810123
1810124
1810125
1810126
1810127
1810129
1810130
1810131
1810132
1810133
1810134
1810135
1810136
1810137
1810139
1811002
1814190
1814191
1814192
1814650
1814652
1814653
1814654
1814655
1814656
1814657
1890012
1890102
1890105
1890106
1890107
1890109
1890110
1890111
1890112
1890113
1890114
1890116
1890117
1890118
1890119
1890122
1890123
1890126
1890127
1890130
1890133
1890134
1890135
1890136
1890137
1890138
1890139
1891000
1891001
1891002
1891003
1891005
1891006
1891007
1891008
1891009
1891010
1891011
1891012
1891013
1891014
1891015
1891016
1891017
1891018
1891019
1891020
1891021
1891022
1891023
1891024
1891025
1891026
1891027
1891028
1891029
1891030
1891031
1891032
1891033
1891034
1891035
1891036
1891037
1891038
1891039
1891040
1891041
1891042
1891043
1891044
1891047
1891048
1891049
1891050
1891051
1891052
1891053
1891054
1891055
1891056
1891057
1891058
1891059
1891060
1891061
1891062
1891063
1891064
1891065
1891066
1891067
1891068
1891069
1891070
1891071
1891072
1891073
1891074
1891075
1891076
1891077
1891078
1891079
1891080
1891081
1891082
1891083
1891084
1891085
1891086
1891087
1891088
1891089
1891090
1891091
1891093
1891094
1891095
1891096
1891097
1891098
1891099
1891100
1891101
1891102
1891103
1891104
1891105
1891106
1891107
1891108
1891109
1891110
1891112
1891113
1891114
1891115
1891116
1891117
1891118
1891119
1891120
1891121
1891122
1891123
1891124
1891125
1891126
1891127
1891128
1891129
1891130
1891131
1891132
1891133
1891134
1891135
1891136
1891137
1891138
1891139
1891140
1891141
1891142
1891143
1891144
1891145
1891146
1891147
1891148
1891149
1891151
1891152
1891153
1891154
1891155
1891156
1891157
1891158
1891159
1891160
1891161
1891162
1891163
1891164
1891165
1891166
1891167
1891168
1891169
1891170
1891171
1891172
1891173
1891174
1891175
1891176
1891177
1891178
1891179
1891180
1891181
1891182
1891183
1891184
1891185
1891186
1891187
1891188
1891189
1891190
1891191
1891192
1891193
1891194
1891195
1891196
1891197
1891198
1891199